# atlas.hrsk.tu-dresden.de AMD
# Opteron(TM) Processor 6274 2200Mhz

# cycles per barrier

# 100seconds benchmark time (at least 600k iterations and up to 1bil) for every measurement point

# in comparison to the previous (20sec per data point) run the deviation is significant.
# up to 20% sometimes. at one point even 1700 vs 3400 (add-fetch 8threads 0mysecs).
# But most of the time it is less than 3%.


#threads  add-fetch    ronny / 1us: add-fetch    ronny / 100us: add-fetch    ronny
 2              237      510            45925    46233             118371   119178
 3             1697     2714            48535    49519             122905   122187
 4             1951     3775            49748    51737             122364   124460
 5             4570     7066            52229    55520             124758   128390
 6             5348     8828            53909    57937             126828   130616
 7             7046    12368            56336    58497             129169   134947
 8             7491    14506            57798    58775             131467   138916
 12           10885    25206            57944    68532             138177   155743
 16           14660    38343            60643    78234             146953   169224
 20           20491    48859            67592    92307             157099   170541
 24           25282    62228            73014   104901             166271   182854
 28           28676    86366            79028   122560             170032   200515
 32           34247    99778            84213   144801             170599   223168
 36           37015   124628            90654   164108             179694   239054
 40           41936   125805            96874   168761             170332   242066
 44           49116   154640           101384   199822             174624   277280
 48           54384   172660           109602   214491             182632   288855
 52           59272   193035           113178   224515             185596   308532
 56           63934   238020           118649   242578             191379   315370
 60           65376   252661           127610   300305             201419   350642
 64           70364   274597           132330   297974             202864   372127


#div by thread count
#threads  add-fetch    ronny / 1us: add-fetch    ronny / 100us: add-fetch    ronny
 2              118      255            22961    23115              59184    59589
 3              566      905            16178    16506              40968    40729
 4              488      943            12436    12933              30591    31114
 5              914     1413            10446    11104              24952    25678
 6              891     1471             8985     9656              21138    21769
 7             1007     1767             8048     8357              18453    19278
 8              937     1812             7224     7345              16434    17364
 12             907     2100             4829     5711              11515    12979
 16             917     2395             3790     4890               9185    10575
 20            1025     2443             3380     4615               7855     8527
 24            1053     2593             3042     4371               6928     7619
 28            1024     3085             2822     4377               6073     7161
 32            1069     3117             2631     4525               5330     6974
 36            1028     3462             2518     4559               4991     6640
 40            1048     3145             2422     4219               4258     6052
 44            1116     3515             2304     4541               3969     6302
 48            1133     3597             2283     4469               3805     6017
 52            1140     3712             2176     4318               3569     5933
 56            1142     4250             2119     4332               3417     5632
 60            1090     4211             2127     5005               3357     5844
 64            1100     4290             2068     4655               3170     5814
