x 0 100 200 300 400 500 600 700 800 900 1000

P=?[trueU<=timel_1>=5] 0 0.0013421713722889996 0.024248223372279658 0.10344200669518396 0.24556305049804292 0.42124427616600557 0.592078883563868 0.732816996698421 0.8355703623014823 0.9040125226502159 0.9464274751945028

base_rate*R{"time"}=?[Fl_1>=5] 575.1388238978219


P=?[trueU<=time(l_1>=5&l_2>=5&l_3>=5)] 0 0.000011685793644634889 0.0022022237812652752 0.024629812001715413 0.09876747635271908 0.2340867177575904 0.4057382703842275 0.5765817423762916 0.7199847776801448 0.8262348906015073 0.8978364049068885

base_rate*R{"time"}=?[F(l_1>=5&l_2>=5& l_3>=5)] 683.4144882738982
