vt ~/desktop/barrier-git/models/prism/dissemination$ ./model-check.py 
# work=100
# number of operations
# n       Al      Ar|      Bl      Br|      Cl      Cr|      Dl      Dr
# micro Joule per phase accumulated
# n      A      B      C      D
# Watt per phase
# n      A      B      C      D overall
  8     0.00    0.00   598.72    7.76  1809.57   19.44  2297.55   24.00
  8   0.06   3.94  10.01  13.03
  8  11.00  37.50  51.00  29.42    39.45
  7     0.00    0.00   486.13    6.29  1466.96   16.48  1958.51   21.00
  7   0.06   3.37   8.63  11.65
  7  11.00  33.76  46.00  29.25    36.25
  6     0.00    0.00   380.58    4.89  1189.37   13.95  1562.08   18.00
  6   0.07   2.82   7.50  10.15
  6  11.00  30.05  41.00  26.73    32.61
  5     0.00    0.00   283.04    3.59  1003.36   12.18  1314.88   15.00
  5   0.09   2.29   6.84   8.92
  5  11.00  26.40  36.00  25.62    29.83
  4     0.00    0.00   194.87    2.38   594.80    6.83   697.40    8.00
  4   0.11   1.78   4.40   5.32
  4  11.00  22.82  31.00  21.00    25.15
  3     0.00    0.00   114.08    1.36   359.16    5.01   460.18    6.00
  3   0.15   1.31   3.42   4.26
  3  11.00  19.33  26.00  20.95    21.88
  2     0.00    0.00    50.00    0.50   151.00    2.00   152.00    2.00
  2   0.22   0.86   1.91   1.92
  2  11.00  16.00  21.00  16.00    17.37
# work=1000
# number of operations
# n       Al      Ar|      Bl      Br|      Cl      Cr|      Dl      Dr
# micro Joule per phase accumulated
# n      A      B      C      D
# Watt per phase
# n      A      B      C      D overall
  8     0.00    0.00 12161.93   15.81 13366.00   20.18 13868.05   24.00
  8   0.55  39.44  43.63  46.47
  8  11.00  37.50  51.00  29.20    36.69
  7     0.00    0.00  9856.81   12.93 10860.77   17.18 11335.13   21.00
  7   0.63  33.71  37.46  40.25
  7  11.00  33.76  46.00  28.60    33.09
  6     0.00    0.00  7690.76   10.09  8507.00   14.28  8889.81   18.00
  6   0.73  28.18  31.55  34.12
  6  11.00  30.05  41.00  26.68    29.45
  5     0.00    0.00  5685.61    7.31  6389.60   12.06  6715.20   15.00
  5   0.88  22.88  26.28  28.44
  5  11.00  26.40  36.00  25.78    26.05
  4     0.00    0.00  3871.11    4.62  4273.09    6.97  4375.63    8.00
  4   1.10  17.83  19.81  20.67
  4  11.00  22.82  31.00  21.00    22.03
  3     0.00    0.00  2228.70    2.71  2479.50    5.01  2580.52    6.00
  3   1.47  13.07  14.73  15.57
  3  11.00  19.33  26.00  20.95    18.59
  2     0.00    0.00   909.09    0.91  1010.09    2.00  1011.09    2.00
  2   2.20   8.60   9.48   9.49
  2  11.00  16.00  21.00  16.00    14.77

# work=100
# number of operations
# n       Al      Ar|     Bl      Br|     Rxl     Rxr
# micro Joule per phase accumulated
# n      A      B     Rx
# Watt per phase
# n      A      B     Rx overall
  8     0.00    0.00   598.72    7.76   704.04    6.22  686.80    6.36  307.99    3.66
  8   0.06   3.94   3.38  3.49  2.21
  8  11.00  37.50  51.00 45.57 28.15   39.45
  7     0.00    0.00   486.13    6.29   596.95    5.41  590.95    5.78  284.49    3.52
  7   0.06   3.37   2.99  3.17  2.12
  7  11.00  33.76  46.00 42.08 27.44   36.25
  6     0.00    0.00   380.58    4.89   493.46    4.59  449.66    5.16  238.38    3.35
  6   0.07   2.82   2.60  2.74  1.98
  6  11.00  30.05  41.00 37.23 26.09   32.61
  5     0.00    0.00   283.04    3.59   394.02    3.76  405.07    4.49  232.75    3.16
  5   0.09   2.29   2.22  2.50  1.91
  5  11.00  26.40  36.00 34.83 25.78   29.83
  4     0.00    0.00   194.87    2.38   299.18    2.92  203.35    2.69
  4   0.11   1.78   1.83  1.71
  4  11.00  22.82  31.00 24.66   25.15
  3     0.00    0.00   114.08    1.36   193.40    2.25  152.70    2.39
  3   0.15   1.31   1.45  1.51
  3  11.00  19.33  26.00 22.91   21.88
  2     0.00    0.00    50.00    0.50   102.00    1.50
  2   0.22   0.86   1.06
  2  11.00  16.00  20.96   17.37
# work=1000
# number of operations
# n       Al      Ar|     Bl      Br|     Rxl     Rxr
# micro Joule per phase accumulated
# n      A      B     Rx
# Watt per phase
# n      A      B     Rx overall
  8     0.00    0.00 12161.93   15.81   698.97    1.56  701.76    3.51  305.39    3.12
  8   0.55  39.44   2.18  2.79  2.05
  8  11.00  37.50  51.00 44.62 27.72   36.69
  7     0.00    0.00  9856.81   12.93   596.89    1.51  600.93    3.46  280.49    3.10
  7   0.63  33.71   1.97  2.58  1.99
  7  11.00  33.76  46.00 41.26 27.03   33.09
  6     0.00    0.00  7690.76   10.09   496.15    1.45  465.23    3.39  237.67    3.07
  6   0.73  28.18   1.75  2.29  1.90
  6  11.00  30.05  41.00 36.73 25.84   29.45
  5     0.00    0.00  5685.61    7.31   397.35    1.37  402.47    3.29  229.76    3.03
  5   0.88  22.88   1.54  2.15  1.87
  5  11.00  26.40  36.00 34.47 25.59   26.05
  4     0.00    0.00  3871.11    4.62   301.46    1.26  203.06    2.12
  4   1.10  17.83   1.32  1.51
  4  11.00  22.82  31.00 24.37   22.03
  3     0.00    0.00  2228.70    2.71   199.28    1.21  152.54    2.08
  3   1.47  13.07   1.11  1.40
  3  11.00  19.33  26.00 22.70   18.59
  2     0.00    0.00   909.09    0.91   102.00    1.09
  2   2.20   8.60   0.89
  2  11.00  16.00  20.95   14.77
vt ~/desktop/barrier-git/models/prism/dissemination$
